0.318412   0.006089
0.310495   0.012198
0.302593   0.018327
0.294707   0.024476
0.286837   0.030645
0.278982   0.036834
0.271143   0.043043
0.263320   0.049272
0.255513   0.055521
0.247722   0.061791
0.239948   0.068081
0.232190   0.074391
0.224449   0.080721
0.216725   0.087072
0.209018   0.093444
0.201328   0.099836
0.193655   0.106250
0.186000   0.112683
0.178362   0.119138
0.170742   0.125614
0.163140   0.132111
0.155556   0.138629
0.147990   0.145168
0.140443   0.151729
0.132915   0.158311
0.125405   0.164914
0.117915   0.171540
0.110444   0.178187
0.102992   0.184855
0.095560   0.191546
0.088148   0.198259
0.080756   0.204994
0.073385   0.211751
0.066034   0.218531
0.058704   0.225333
0.051395   0.232158
0.044107   0.239006
0.036841   0.245877
0.029597   0.252770
0.022376   0.259687
0.015176   0.266628
0.007999   0.273591
0.000846   0.280579
-0.006285   0.287590
-0.013391   0.294626
-0.020474   0.301685
-0.027532   0.308769
-0.034566   0.315877
-0.041575   0.323010
-0.048558   0.330168
-0.055516   0.337350
-0.062447   0.344558
-0.069352   0.351791
-0.076230   0.359050
-0.083081   0.366335
-0.089904   0.373646
-0.096699   0.380982
-0.103465   0.388346
-0.110202   0.395736
-0.116910   0.403153
-0.123587   0.410597
-0.130234   0.418068
-0.136850   0.425567
-0.143434   0.433093
-0.149986   0.440648
-0.156504   0.448231
-0.162990   0.455843
-0.169441   0.463484
-0.175858   0.471154
-0.182239   0.478853
-0.188584   0.486582
-0.194893   0.494341
-0.201164   0.502131
-0.207396   0.509951
-0.213590   0.517802
-0.219743   0.525685
-0.225856   0.533599
-0.231927   0.541545
-0.237955   0.549523
-0.243940   0.557535
-0.249881   0.565579
-0.255776   0.573657
-0.261624   0.581769
-0.267424   0.589915
-0.273175   0.598095
-0.278877   0.606311
-0.284526   0.614562
-0.290123   0.622849
-0.295666   0.631172
-0.301154   0.639532
-0.306584   0.647929
-0.311956   0.656364
-0.317267   0.664837
-0.322516   0.673348
-0.327702   0.681899
-0.332821   0.690489
-0.337874   0.699119
-0.342856   0.707789
-0.347767   0.716500
-0.352603   0.725253
-0.357363   0.734047
-0.362044   0.742884
-0.366643   0.751764
-0.371157   0.760687
-0.375584   0.769654
-0.379921   0.778664
-0.384164   0.787720
-0.388310   0.796820
-0.392355   0.805965
-0.396295   0.815156
-0.400127   0.824393
-0.403846   0.833676
-0.407447   0.843005
-0.410927   0.852380
-0.414279   0.861801
-0.417499   0.871268
-0.420580   0.880782
-0.423518   0.890341
-0.426305   0.899944
-0.428936   0.909592
-0.431402   0.919283
-0.433697   0.929016
-0.435813   0.938790
-0.437741   0.948602
-0.439473   0.958451
-0.440999   0.968334
-0.442311   0.978248
-0.443397   0.988188
-0.444249   0.998152
-0.444854   1.008134
-0.445202   1.018128
-0.445281   1.028127
-0.445081   1.038125
-0.444588   1.048113
-0.443792   1.058082
-0.442681   1.068020
-0.441244   1.077916
-0.439471   1.087757
-0.437352   1.097530
-0.434878   1.107219
-0.432043   1.116809
-0.428840   1.126282
-0.425267   1.135622
-0.421321   1.144811
-0.417004   1.153831
-0.412318   1.162665
-0.407269   1.171297
-0.401864   1.179710
-0.396114   1.187892
-0.390031   1.195829
-0.383627   1.203510
-0.376920   1.210926
-0.369924   1.218072
-0.362656   1.224941
-0.355135   1.231531
-0.347377   1.237841
-0.339400   1.243872
-0.331221   1.249625
-0.322856   1.255104
-0.314320   1.260313
-0.305628   1.265259
-0.296795   1.269946
-0.287832   1.274382
-0.278753   1.278573
-0.269568   1.282527
-0.260287   1.286251
-0.250921   1.289753
-0.241476   1.293040
-0.231962   1.296119
-0.222385   1.298998
-0.212753   1.301684
-0.203070   1.304183
-0.193343   1.306502
-0.183576   1.308648
-0.173774   1.310627
-0.163940   1.312445
-0.154079   1.314107
-0.144194   1.315618
-0.134288   1.316985
-0.124364   1.318212
-0.114423   1.319304
-0.104470   1.320265
-0.094505   1.321100
-0.084530   1.321812
-0.074548   1.322406
-0.064559   1.322886
-0.054566   1.323255
-0.044569   1.323516
-0.034571   1.323673
-0.024571   1.323729
-0.014571   1.323687
-0.004572   1.323550
0.005426   1.323320
0.015420   1.323000
0.025412   1.322592
0.035400   1.322100
0.045383   1.321524
0.055362   1.320868
0.065335   1.320133
0.075302   1.319322
0.085263   1.318436
0.095217   1.317477
0.105163   1.316447
0.115103   1.315348
0.125034   1.314181
0.134958   1.312948
0.144873   1.311650
0.154780   1.310288
0.164679   1.308865
0.174568   1.307381
0.184448   1.305837
0.194319   1.304236
0.204180   1.302578
0.214032   1.300864
0.223875   1.299095
0.233707   1.297273
0.243530   1.295398
0.253343   1.293471
0.263145   1.291494
0.272938   1.289467
0.282720   1.287392
0.292492   1.285268
0.302253   1.283097
0.312005   1.280880
0.321745   1.278618
0.331475   1.276311
0.341195   1.273959
0.350904   1.271564
0.360603   1.269127
0.370290   1.266648
0.379967   1.264127
0.389634   1.261565
0.399289   1.258964
0.408934   1.256323
0.418568   1.253643
0.428192   1.250924
0.437805   1.248168
0.447406   1.245374
0.456997   1.242544
0.466578   1.239677
0.476147   1.236774
0.485706   1.233836
0.495253   1.230862
0.504790   1.227855
0.514316   1.224813
0.523832   1.221737
0.533336   1.218628
0.542830   1.215487
0.552313   1.212313
0.561785   1.209106
0.571246   1.205868
0.580696   1.202599
0.590136   1.199298
0.599565   1.195967
0.608983   1.192605
0.618390   1.189213
0.627786   1.185791
0.637172   1.182340
0.646547   1.178860
0.655911   1.175351
0.665264   1.171813
0.674607   1.168247
0.683939   1.164653
0.693260   1.161031
0.702570   1.157381
0.711869   1.153704
0.721158   1.150000
0.730436   1.146269
0.739703   1.142512
0.748960   1.138728
0.758205   1.134918
0.767440   1.131082
0.776665   1.127220
0.785878   1.123333
0.795081   1.119420
0.804273   1.115483
0.813454   1.111520
0.822625   1.107533
0.831785   1.103520
0.840934   1.099484
0.850072   1.095423
0.859200   1.091339
0.868317   1.087230
0.877423   1.083097
0.886519   1.078941
0.895604   1.074762
0.904677   1.070559
0.913741   1.066333
0.922793   1.062085
0.931835   1.057813
0.940866   1.053518
0.949886   1.049201
0.958895   1.044862
0.967894   1.040500
0.976882   1.036116
0.985859   1.031710
0.994825   1.027282
1.003780   1.022832
1.012725   1.018361
1.021659   1.013867
1.030581   1.009353
1.039493   1.004816
1.048394   1.000259
1.057285   0.995680
1.066164   0.991080
1.075032   0.986460
1.083890   0.981818
1.092736   0.977155
1.101572   0.972472
1.110396   0.967768
1.119210   0.963044
1.128012   0.958298
1.136804   0.953533
1.145584   0.948747
1.154354   0.943941
1.163112   0.939115
1.171859   0.934269
1.180595   0.929402
1.189320   0.924516
1.198034   0.919609
1.206736   0.914683
1.215427   0.909737
1.224107   0.904772
1.232776   0.899786
1.241434   0.894781
1.250080   0.889757
1.258714   0.884713
1.267338   0.879649
1.275949   0.874566
1.284550   0.869464
1.293139   0.864343
1.301716   0.859202
1.310282   0.854042
1.318836   0.848862
1.327379   0.843664
1.335910   0.838446
1.344429   0.833210
1.352937   0.827954
1.361432   0.822680
1.369916   0.817386
1.378388   0.812073
1.386849   0.806742
1.395297   0.801391
1.403733   0.796022
1.412158   0.790634
1.420570   0.785227
1.428970   0.779802
1.437358   0.774357
1.445734   0.768894
1.454097   0.763412
1.462448   0.757911
1.470787   0.752392
1.479114   0.746854
1.487428   0.741297
1.495729   0.735722
1.504018   0.730128
1.512294   0.724515
1.520558   0.718884
1.528809   0.713234
1.537047   0.707565
1.545272   0.701878
1.553485   0.696172
1.561684   0.690447
1.569870   0.684704
1.578044   0.678942
1.586204   0.673162
1.594351   0.667363
1.602484   0.661545
1.610604   0.655709
1.618711   0.649854
1.626804   0.643980
1.634884   0.638087
1.642949   0.632176
1.651001   0.626246
1.659040   0.620298
1.667064   0.614330
1.675074   0.608344
1.683071   0.602339
1.691053   0.596316
1.699021   0.590273
1.706974   0.584211
1.714913   0.578131
1.722838   0.572032
1.730748   0.565914
1.738643   0.559776
1.746524   0.553620
1.754389   0.547445
1.762240   0.541251
1.770075   0.535037
1.777895   0.528805
1.785700   0.522553
1.793490   0.516282
1.801264   0.509992
1.809022   0.503683
1.816765   0.497354
1.824491   0.491006
1.832202   0.484638
1.839896   0.478251
1.847575   0.471845
1.855237   0.465419
1.862882   0.458973
1.870511   0.452508
1.878123   0.446023
1.885718   0.439518
1.893296   0.432993
1.900857   0.426448
1.908401   0.419884
1.915927   0.413299
1.923436   0.406694
1.930926   0.400070
1.938399   0.393425
1.945854   0.386759
1.953291   0.380074
1.960709   0.373368
1.968108   0.366641
1.975489   0.359894
1.982851   0.353127
1.990194   0.346338
1.997518   0.339529
2.004822   0.332699
2.012107   0.325848
2.019371   0.318976
2.026616   0.312083
2.033841   0.305169
2.041045   0.298234
2.048228   0.291277
2.055391   0.284299
2.062533   0.277299
2.069653   0.270277
2.076752   0.263234
2.083829   0.256169
2.090884   0.249083
2.097918   0.241974
2.104928   0.234843
2.111916   0.227690
2.118882   0.220514
2.125824   0.213317
2.132742   0.206096
2.139637   0.198854
2.146508   0.191588
2.153355   0.184300
2.160178   0.176988
2.166975   0.169654
2.173748   0.162297
2.180495   0.154916
2.187217   0.147512
2.193913   0.140085
2.200582   0.132633
2.207225   0.125159
2.213841   0.117660
2.220430   0.110138
2.226991   0.102591
2.233525   0.095021
2.240030   0.087426
2.246507   0.079807
2.252954   0.072163
2.259373   0.064495
2.265762   0.056802
2.272121   0.049084
2.278449   0.041341
2.284747   0.033574
2.291014   0.025781
2.297249   0.017963
2.303452   0.010119
2.309623   0.002250
2.315762   -0.005644
2.321867   -0.013564
2.327939   -0.021510
2.333977   -0.029481
2.339980   -0.037478
2.345949   -0.045502
2.351883   -0.053551
2.357781   -0.061626
2.363644   -0.069727
2.369470   -0.077855
2.375259   -0.086009
2.381011   -0.094189
2.386726   -0.102395
2.392403   -0.110627
2.398042   -0.118886
2.403642   -0.127170
2.409204   -0.135481
2.414727   -0.143818
2.420210   -0.152181
2.425653   -0.160569
2.431057   -0.168983
2.436421   -0.177423
2.441746   -0.185888
2.447030   -0.194377
2.452274   -0.202892
2.457479   -0.211431
2.462644   -0.219993
2.467771   -0.228579
2.472858   -0.237188
2.477909   -0.245819
2.482922   -0.254472
2.487900   -0.263145
2.492844   -0.271837
2.497755   -0.280548
2.502637   -0.289276
2.507491   -0.298019
2.512321   -0.306775
2.517132   -0.315541
2.521928   -0.324316
2.526716   -0.333095
2.531504   -0.341875
2.536301   -0.350649
2.541121   -0.359411
2.545977   -0.368152
2.550891   -0.376862
2.555889   -0.385523
2.561006   -0.394115
2.566289   -0.402606
2.571802   -0.410948
2.577639   -0.419068
2.583932   -0.426840
2.590874   -0.434038
2.598718   -0.440240
2.607683   -0.444671
2.617549   -0.446301
2.627429   -0.444753
2.636595   -0.440757
2.644920   -0.435215
2.652516   -0.428712
2.659520   -0.421574
2.666040   -0.413992
2.672155   -0.406080
2.677926   -0.397913
2.683395   -0.389541
2.688596   -0.381000
2.693556   -0.372317
2.698297   -0.363512
2.702835   -0.354601
2.707186   -0.345597
2.711360   -0.336510
2.715370   -0.327349
2.719223   -0.318121
2.722927   -0.308833
2.726491   -0.299489
2.729920   -0.290095
2.733219   -0.280655
2.736395   -0.271173
2.739451   -0.261651
2.742393   -0.252094
2.745223   -0.242503
2.747946   -0.232881
2.750566   -0.223230
2.753085   -0.213552
2.755507   -0.203850
2.757834   -0.194125
2.760069   -0.184378
2.762215   -0.174610
2.764273   -0.164825
2.766246   -0.155021
2.768137   -0.145202
2.769947   -0.135367
2.771677   -0.125518
2.773331   -0.115655
2.774909   -0.105781
2.776413   -0.095894
2.777845   -0.085997
2.779205   -0.076090
2.780497   -0.066174
2.781720   -0.056249
2.782876   -0.046316
2.783967   -0.036376
2.784992   -0.026429
2.785955   -0.016475
2.786855   -0.006516
2.787693   0.003449
2.788471   0.013419
2.789190   0.023393
2.789849   0.033371
2.790451   0.043353
2.790996   0.053338
2.791485   0.063326
2.791918   0.073317
2.792296   0.083310
2.792620   0.093305
2.792890   0.103301
2.793108   0.113298
2.793273   0.123297
2.793387   0.133296
2.793449   0.143296
2.793461   0.153296
2.793422   0.163296
2.793334   0.173296
2.793197   0.183295
2.793012   0.193293
2.792777   0.203290
2.792496   0.213286
2.792166   0.223281
2.791790   0.233274
2.791367   0.243265
2.790898   0.253254
2.790382   0.263241
2.789821   0.273225
2.789215   0.283207
2.788564   0.293185
2.787869   0.303161
2.787129   0.313134
2.786344   0.323103
2.785516   0.333069
2.784645   0.343031
2.783730   0.352989
2.782773   0.362943
2.781772   0.372892
2.780729   0.382838
2.779644   0.392779
2.778517   0.402715
2.777347   0.412647
2.776136   0.422573
2.774884   0.432494
2.773591   0.442410
2.772256   0.452321
2.770880   0.462226
2.769464   0.472125
2.768008   0.482018
2.766510   0.491906
2.764973   0.501787
2.763396   0.511661
2.761779   0.521530
2.760122   0.531392
2.758426   0.541247
2.756690   0.551095
2.754915   0.560936
2.753101   0.570770
2.751248   0.580597
2.749356   0.590416
2.747425   0.600228
2.745456   0.610033
2.743449   0.619829
2.741403   0.629617
2.739319   0.639398
2.737196   0.649170
2.735036   0.658934
2.732838   0.668689
2.730602   0.678436
2.728329   0.688174
2.726018   0.697904
2.723669   0.707624
2.721284   0.717335
2.718861   0.727037
2.716401   0.736730
2.713904   0.746413
2.711370   0.756087
2.708799   0.765751
2.706191   0.775405
2.703547   0.785049
2.700867   0.794683
2.698150   0.804307
2.695396   0.813920
2.692607   0.823523
2.689781   0.833116
2.686919   0.842697
2.684021   0.852268
2.681087   0.861828
2.678118   0.871377
2.675112   0.880915
2.672071   0.890441
2.668995   0.899956
2.665882   0.909460
2.662735   0.918951
2.659552   0.928431
2.656334   0.937899
2.653081   0.947355
2.649793   0.956799
2.646469   0.966231
2.643111   0.975650
2.639718   0.985057
2.636290   0.994451
2.632827   1.003832
2.629330   1.013201
2.625798   1.022556
2.622232   1.031899
2.618632   1.041228
2.614997   1.050544
2.611327   1.059847
2.607624   1.069136
2.603887   1.078411
2.600115   1.087673
2.596310   1.096920
2.592470   1.106154
2.588597   1.115373
2.584690   1.124578
2.580750   1.133769
2.576776   1.142946
2.572768   1.152108
2.568727   1.161255
2.564652   1.170387
2.560545   1.179504
2.556404   1.188607
2.552230   1.197694
2.548022   1.206766
2.543782   1.215822
2.539509   1.224863
2.535203   1.233889
2.530864   1.242898
2.526493   1.251892
2.522089   1.260870
2.517652   1.269832
2.513183   1.278778
2.508681   1.287707
2.504147   1.296620
2.499581   1.305517
2.494982   1.314397
2.490352   1.323260
2.485689   1.332107
2.480994   1.340936
2.476268   1.349749
2.471509   1.358544
2.466719   1.367322
2.461897   1.376083
2.457044   1.384826
2.452158   1.393551
2.447242   1.402259
2.442294   1.410949
2.437315   1.419621
2.432304   1.428276
2.427262   1.436912
2.422189   1.445529
2.417085   1.454129
2.411950   1.462710
2.406785   1.471272
2.401588   1.479816
2.396361   1.488341
2.391103   1.496847
2.385814   1.505334
2.380495   1.513802
2.375146   1.522251
2.369766   1.530681
2.364356   1.539091
2.358916   1.547481
2.353445   1.555852
2.347945   1.564204
2.342414   1.572535
2.336854   1.580847
2.331264   1.589138
2.325644   1.597410
2.319994   1.605661
2.314315   1.613892
2.308606   1.622102
2.302868   1.630292
2.297101   1.638461
2.291304   1.646610
2.285478   1.654738
2.279623   1.662844
2.273739   1.670930
2.267826   1.678995
2.261885   1.687038
2.255914   1.695060
2.249915   1.703061
2.243887   1.711040
2.237830   1.718997
2.231746   1.726933
2.225632   1.734846
2.219491   1.742738
2.213321   1.750608
2.207123   1.758456
2.200897   1.766281
2.194643   1.774084
2.188361   1.781865
2.182052   1.789623
2.175715   1.797359
2.169350   1.805071
2.162957   1.812762
2.156537   1.820429
2.150090   1.828073
2.143615   1.835694
2.137114   1.843292
2.130585   1.850866
2.124029   1.858417
2.117446   1.865945
2.110836   1.873449
2.104200   1.880930
2.097537   1.888386
2.090847   1.895819
2.084131   1.903228
2.077388   1.910613
2.070619   1.917974
2.063824   1.925310
2.057003   1.932623
2.050155   1.939911
2.043282   1.947174
2.036383   1.954413
2.029458   1.961627
2.022507   1.968816
2.015530   1.975981
2.008528   1.983120
2.001501   1.990235
1.994449   1.997324
1.987371   2.004388
1.980268   2.011427
1.973139   2.018441
1.965986   2.025429
1.958808   2.032392
1.951606   2.039328
1.944378   2.046240
1.937126   2.053125
1.929850   2.059984
1.922549   2.066818
1.915223   2.073625
1.907874   2.080406
1.900500   2.087161
1.893103   2.093890
1.885681   2.100592
1.878236   2.107268
1.870767   2.113917
1.863274   2.120540
1.855757   2.127136
1.848218   2.133705
1.840654   2.140247
1.833068   2.146762
1.825458   2.153250
1.817826   2.159711
1.810170   2.166144
1.802492   2.172550
1.794790   2.178929
1.787066   2.185281
1.779320   2.191605
1.771551   2.197901
1.763760   2.204170
1.755946   2.210410
1.748110   2.216623
1.740252   2.222808
1.732372   2.228965
1.724471   2.235094
1.716547   2.241195
1.708602   2.247267
1.700635   2.253311
1.692647   2.259327
1.684637   2.265314
1.676607   2.271273
1.668554   2.277203
1.660481   2.283104
1.652387   2.288976
1.644273   2.294820
1.636137   2.300635
1.627981   2.306421
1.619804   2.312177
1.611607   2.317905
1.603389   2.323603
1.595151   2.329272
1.586893   2.334912
1.578615   2.340522
1.570317   2.346103
1.562000   2.351654
1.553662   2.357176
1.545305   2.362668
1.536929   2.368130
1.528533   2.373562
1.520118   2.378965
1.511683   2.384337
1.503230   2.389679
1.494758   2.394991
1.486267   2.400273
1.477757   2.405525
1.469228   2.410747
1.460681   2.415938
1.452116   2.421098
1.443532   2.426229
1.434930   2.431328
1.426310   2.436397
1.417672   2.441435
1.409016   2.446443
1.400342   2.451419
1.391651   2.456365
1.382942   2.461280
1.374215   2.466164
1.365472   2.471016
1.356711   2.475838
1.347933   2.480628
1.339138   2.485387
1.330326   2.490115
1.321498   2.494812
1.312652   2.499477
1.303791   2.504110
1.294912   2.508712
1.286018   2.513282
1.277107   2.517821
1.268180   2.522328
1.259237   2.526803
1.250279   2.531246
1.241304   2.535657
1.232314   2.540037
1.223309   2.544384
1.214288   2.548700
1.205252   2.552983
1.196200   2.557234
1.187134   2.561453
1.178052   2.565639
1.168956   2.569793
1.159845   2.573915
1.150719   2.578004
1.141579   2.582061
1.132425   2.586086
1.123256   2.590077
1.114073   2.594036
1.104876   2.597963
1.095665   2.601856
1.086441   2.605717
1.077202   2.609545
1.067950   2.613340
1.058685   2.617103
1.049406   2.620832
1.040115   2.624528
1.030810   2.628191
1.021492   2.631821
1.012161   2.635418
1.002817   2.638981
0.993461   2.642511
0.984093   2.646008
0.974712   2.649472
0.965318   2.652902
0.955913   2.656299
0.946495   2.659662
0.937066   2.662992
0.927625   2.666288
0.918172   2.669550
0.908708   2.672779
0.899232   2.675974
0.889745   2.679136
0.880246   2.682263
0.870737   2.685357
0.861217   2.688417
0.851685   2.691443
0.842143   2.694435
0.832591   2.697393
0.823028   2.700317
0.813455   2.703207
0.803871   2.706063
0.794278   2.708885
0.784674   2.711672
0.775061   2.714426
0.765437   2.717145
0.755804   2.719830
0.746162   2.722480
0.736510   2.725096
0.726849   2.727678
0.717179   2.730226
0.707500   2.732739
0.697812   2.735217
0.688116   2.737661
0.678410   2.740071
0.668696   2.742445
0.658974   2.744786
0.649243   2.747091
0.639505   2.749362
0.629758   2.751598
0.620003   2.753800
0.610241   2.755967
0.600471   2.758098
0.590693   2.760196
0.580908   2.762258
0.571116   2.764285
0.561316   2.766278
0.551510   2.768235
0.541696   2.770158
0.531876   2.772046
0.522049   2.773898
0.512216   2.775716
0.502376   2.777499
0.492530   2.779246
0.482677   2.780958
0.472819   2.782636
0.462955   2.784278
0.453085   2.785885
0.443209   2.787457
0.433328   2.788993
0.423441   2.790494
0.413549   2.791961
0.403652   2.793391
0.393750   2.794787
0.383843   2.796147
0.373931   2.797472
0.364015   2.798761
0.354094   2.800015
0.344168   2.801234
0.334238   2.802418
0.324304   2.803565
0.314366   2.804678
0.304425   2.805755
0.294479   2.806796
0.284530   2.807803
0.274577   2.808773
0.264621   2.809708
0.254661   2.810608
0.244699   2.811472
0.234733   2.812300
0.224765   2.813093
0.214793   2.813850
0.204819   2.814572
0.194843   2.815258
0.184864   2.815908
0.174883   2.816523
0.164900   2.817102
0.154915   2.817646
0.144928   2.818154
0.134939   2.818626
0.124948   2.819063
0.114956   2.819463
0.104963   2.819829
0.094968   2.820158
0.084973   2.820452
0.074976   2.820710
0.064978   2.820932
0.054980   2.821119
0.044981   2.821270
0.034982   2.821385
0.024982   2.821465
0.014982   2.821508
0.004982   2.821516
-0.005018   2.821489
-0.015017   2.821425
-0.025017   2.821326
-0.035016   2.821191
-0.045014   2.821020
-0.055012   2.820814
-0.065009   2.820571
-0.075006   2.820294
-0.085001   2.819980
-0.094995   2.819630
-0.104987   2.819245
-0.114978   2.818824
-0.124968   2.818368
-0.134956   2.817875
-0.144942   2.817347
-0.154926   2.816783
-0.164908   2.816183
-0.174888   2.815548
-0.184865   2.814877
-0.194840   2.814170
-0.204812   2.813428
-0.214782   2.812650
-0.224749   2.811836
-0.234713   2.810986
-0.244674   2.810101
-0.254631   2.809180
-0.264585   2.808224
-0.274536   2.807232
-0.284483   2.806204
-0.294426   2.805140
-0.304366   2.804041
-0.314301   2.802907
-0.324232   2.801737
-0.334159   2.800531
-0.344082   2.799289
-0.354000   2.798013
-0.363914   2.796700
-0.373822   2.795352
-0.383726   2.793969
-0.393625   2.792550
-0.403519   2.791095
-0.413407   2.789605
-0.423290   2.788080
-0.433168   2.786519
-0.443039   2.784923
-0.452905   2.783291
-0.462765   2.781624
-0.472619   2.779922
-0.482467   2.778184
-0.492309   2.776411
-0.502144   2.774603
-0.511973   2.772760
-0.521795   2.770881
-0.531610   2.768967
-0.541418   2.767018
-0.551219   2.765033
-0.561013   2.763014
-0.570800   2.760959
-0.580579   2.758869
-0.590350   2.756744
-0.600114   2.754584
-0.609871   2.752389
-0.619619   2.750159
-0.629359   2.747895
-0.639091   2.745595
-0.648814   2.743260
-0.658530   2.740890
-0.668236   2.738486
-0.677934   2.736046
-0.687623   2.733572
-0.697303   2.731063
-0.706974   2.728520
-0.716636   2.725941
-0.726289   2.723328
-0.735932   2.720681
-0.745566   2.717999
-0.755190   2.715282
-0.764804   2.712531
-0.774408   2.709745
-0.784002   2.706925
-0.793586   2.704070
-0.803159   2.701181
-0.812723   2.698258
-0.822275   2.695300
-0.831817   2.692308
-0.841348   2.689282
-0.850869   2.686222
-0.860378   2.683128
-0.869876   2.680000
-0.879363   2.676837
-0.888838   2.673641
-0.898302   2.670411
-0.907754   2.667146
-0.917195   2.663848
-0.926623   2.660516
-0.936040   2.657151
-0.945444   2.653752
-0.954837   2.650319
-0.964217   2.646852
-0.973584   2.643352
-0.982939   2.639819
-0.992281   2.636252
-1.001611   2.632652
-1.010927   2.629018
-1.020231   2.625351
-1.029521   2.621651
-1.038798   2.617918
-1.048062   2.614151
-1.057312   2.610352
-1.066548   2.606520
-1.075771   2.602654
-1.084980   2.598756
-1.094175   2.594825
-1.103356   2.590862
-1.112523   2.586866
-1.121675   2.582837
-1.130813   2.578775
-1.139937   2.574681
-1.149046   2.570555
-1.158140   2.566397
-1.167220   2.562206
-1.176284   2.557983
-1.185334   2.553728
-1.194368   2.549441
-1.203387   2.545122
-1.212391   2.540771
-1.221380   2.536388
-1.230352   2.531973
-1.239310   2.527527
-1.248251   2.523049
-1.257177   2.518540
-1.266086   2.513999
-1.274980   2.509427
-1.283857   2.504824
-1.292718   2.500189
-1.301563   2.495523
-1.310392   2.490826
-1.319204   2.486099
-1.327999   2.481340
-1.336777   2.476551
-1.345539   2.471731
-1.354284   2.466880
-1.363011   2.461999
-1.371722   2.457087
-1.380416   2.452145
-1.389092   2.447173
-1.397751   2.442170
-1.406392   2.437138
-1.415016   2.432075
-1.423622   2.426983
-1.432210   2.421860
-1.440781   2.416708
-1.449334   2.411527
-1.457869   2.406315
-1.466385   2.401074
-1.474884   2.395804
-1.483364   2.390505
-1.491826   2.385176
-1.500270   2.379818
-1.508695   2.374432
-1.517101   2.369016
-1.525489   2.363571
-1.533858   2.358098
-1.542209   2.352596
-1.550540   2.347065
-1.558853   2.341506
-1.567146   2.335919
-1.575420   2.330303
-1.583675   2.324659
-1.591911   2.318987
-1.600128   2.313287
-1.608324   2.307559
-1.616502   2.301803
-1.624660   2.296019
-1.632798   2.290208
-1.640916   2.284369
-1.649014   2.278503
-1.657093   2.272609
-1.665151   2.266687
-1.673190   2.260739
-1.681208   2.254763
-1.689206   2.248760
-1.697183   2.242731
-1.705140   2.236674
-1.713077   2.230590
-1.720993   2.224480
-1.728888   2.218343
-1.736763   2.212179
-1.744617   2.205989
-1.752449   2.199772
-1.760261   2.193529
-1.768052   2.187260
-1.775822   2.180964
-1.783570   2.174643
-1.791297   2.168295
-1.799002   2.161921
-1.806686   2.155521
-1.814348   2.149095
-1.821989   2.142644
-1.829608   2.136167
-1.837205   2.129664
-1.844780   2.123135
-1.852332   2.116581
-1.859863   2.110002
-1.867371   2.103397
-1.874857   2.096767
-1.882321   2.090111
-1.889762   2.083431
-1.897180   2.076725
-1.904576   2.069994
-1.911949   2.063238
-1.919299   2.056457
-1.926625   2.049652
-1.933929   2.042821
-1.941209   2.035966
-1.948466   2.029086
-1.955700   2.022181
-1.962910   2.015252
-1.970097   2.008298
-1.977259   2.001319
-1.984398   1.994317
-1.991513   1.987290
-1.998604   1.980238
-2.005670   1.973163
-2.012713   1.966063
-2.019731   1.958939
-2.026724   1.951792
-2.033693   1.944620
-2.040637   1.937424
-2.047556   1.930205
-2.054451   1.922961
-2.061320   1.915694
-2.068165   1.908403
-2.074984   1.901089
-2.081778   1.893751
-2.088546   1.886390
-2.095289   1.879005
-2.102006   1.871597
-2.108697   1.864165
-2.115363   1.856711
-2.122002   1.849233
-2.128615   1.841732
-2.135203   1.834208
-2.141764   1.826661
-2.148298   1.819092
-2.154806   1.811499
-2.161288   1.803884
-2.167742   1.796246
-2.174170   1.788586
-2.180571   1.780903
-2.186945   1.773198
-2.193292   1.765470
-2.199611   1.757720
-2.205904   1.749948
-2.212169   1.742153
-2.218406   1.734337
-2.224616   1.726498
-2.230798   1.718638
-2.236952   1.710756
-2.243078   1.702852
-2.249176   1.694927
-2.255246   1.686980
-2.261288   1.679012
-2.267301   1.671022
-2.273287   1.663011
-2.279243   1.654978
-2.285171   1.646925
-2.291071   1.638850
-2.296941   1.630755
-2.302783   1.622639
-2.308596   1.614501
-2.314379   1.606344
-2.320134   1.598165
-2.325859   1.589967
-2.331555   1.581747
-2.337222   1.573508
-2.342859   1.565248
-2.348467   1.556968
-2.354045   1.548669
-2.359593   1.540349
-2.365111   1.532009
-2.370600   1.523650
-2.376058   1.515271
-2.381487   1.506873
-2.386885   1.498455
-2.392253   1.490018
-2.397591   1.481562
-2.402899   1.473087
-2.408176   1.464593
-2.413422   1.456079
-2.418638   1.447547
-2.423823   1.438997
-2.428978   1.430428
-2.434101   1.421840
-2.439194   1.413234
-2.444256   1.404609
-2.449286   1.395967
-2.454286   1.387307
-2.459255   1.378628
-2.464192   1.369932
-2.469098   1.361218
-2.473972   1.352487
-2.478816   1.343738
-2.483627   1.334971
-2.488407   1.326188
-2.493156   1.317387
-2.497872   1.308569
-2.502557   1.299735
-2.507211   1.290883
-2.511832   1.282015
-2.516421   1.273131
-2.520979   1.264229
-2.525504   1.255312
-2.529997   1.246378
-2.534458   1.237428
-2.538887   1.228462
-2.543283   1.219481
-2.547647   1.210483
-2.551979   1.201470
-2.556278   1.192441
-2.560545   1.183397
-2.564779   1.174338
-2.568980   1.165263
-2.573149   1.156174
-2.577285   1.147069
-2.581389   1.137950
-2.585459   1.128816
-2.589497   1.119667
-2.593502   1.110504
-2.597473   1.101327
-2.601412   1.092135
-2.605318   1.082929
-2.609190   1.073710
-2.613029   1.064476
-2.616836   1.055229
-2.620608   1.045968
-2.624348   1.036693
-2.628054   1.027405
-2.631727   1.018104
-2.635366   1.008790
-2.638972   0.999463
-2.642544   0.990123
-2.646083   0.980770
-2.649588   0.971404
-2.653060   0.962026
-2.656498   0.952635
-2.659902   0.943233
-2.663272   0.933818
-2.666608   0.924391
-2.669911   0.914952
-2.673180   0.905501
-2.676414   0.896039
-2.679615   0.886565
-2.682782   0.877079
-2.685915   0.867583
-2.689013   0.858075
-2.692078   0.848556
-2.695108   0.839026
-2.698104   0.829486
-2.701066   0.819934
-2.703994   0.810373
-2.706887   0.800800
-2.709746   0.791218
-2.712571   0.781625
-2.715361   0.772022
-2.718117   0.762409
-2.720839   0.752787
-2.723526   0.743155
-2.726178   0.733513
-2.728796   0.723862
-2.731379   0.714201
-2.733928   0.704531
-2.736442   0.694853
-2.738922   0.685165
-2.741366   0.675468
-2.743776   0.665763
-2.746152   0.656049
-2.748492   0.646327
-2.750798   0.636596
-2.753069   0.626858
-2.755305   0.617111
-2.757506   0.607356
-2.759673   0.597594
-2.761804   0.587823
-2.763900   0.578046
-2.765962   0.568260
-2.767988   0.558468
-2.769980   0.548668
-2.771936   0.538861
-2.773858   0.529048
-2.775744   0.519227
-2.777595   0.509400
-2.779411   0.499566
-2.781192   0.489726
-2.782938   0.479880
-2.784649   0.470027
-2.786324   0.460169
-2.787965   0.450304
-2.789570   0.440434
-2.791139   0.430558
-2.792674   0.420676
-2.794173   0.410789
-2.795637   0.400897
-2.797066   0.391000
-2.798459   0.381097
-2.799817   0.371190
-2.801140   0.361278
-2.802427   0.351361
-2.803679   0.341439
-2.804896   0.331514
-2.806077   0.321584
-2.807222   0.311650
-2.808333   0.301711
-2.809407   0.291769
-2.810447   0.281823
-2.811451   0.271874
-2.812419   0.261921
-2.813352   0.251965
-2.814250   0.242005
-2.815112   0.232042
-2.815938   0.222076
-2.816729   0.212108
-2.817485   0.202136
-2.818205   0.192162
-2.818889   0.182186
-2.819538   0.172207
-2.820151   0.162226
-2.820729   0.152242
-2.821271   0.142257
-2.821778   0.132270
-2.822249   0.122281
-2.822684   0.112290
-2.823084   0.102298
-2.823449   0.092305
-2.823778   0.082311
-2.824071   0.072315
-2.824329   0.062318
-2.824551   0.052321
-2.824737   0.042322
-2.824888   0.032323
-2.825003   0.022324
-2.825083   0.012324
-2.825127   0.002325
-2.825136   -0.007675
-2.825109   -0.017675
-2.825047   -0.027675
-2.824949   -0.037675
-2.824815   -0.047674
-2.824646   -0.057672
-2.824441   -0.067670
-2.824201   -0.077667
-2.823925   -0.087664
-2.823613   -0.097659
-2.823266   -0.107653
-2.822884   -0.117645
-2.822466   -0.127637
-2.822012   -0.137626
-2.821523   -0.147614
-2.820999   -0.157601
-2.820439   -0.167585
-2.819843   -0.177567
-2.819212   -0.187547
-2.818546   -0.197525
-2.817844   -0.207500
-2.817107   -0.217473
-2.816334   -0.227443
-2.815526   -0.237411
-2.814682   -0.247375
-2.813803   -0.257336
-2.812889   -0.267294
-2.811939   -0.277249
-2.810954   -0.287200
-2.809934   -0.297148
-2.808878   -0.307092
-2.807787   -0.317033
-2.806661   -0.326969
-2.805499   -0.336901
-2.804302   -0.346829
-2.803070   -0.356753
-2.801802   -0.366673
-2.800500   -0.376587
-2.799162   -0.386498
-2.797789   -0.396403
-2.796381   -0.406303
-2.794937   -0.416198
-2.793459   -0.426089
-2.791946   -0.435973
-2.790397   -0.445853
-2.788813   -0.455727
-2.787195   -0.465595
-2.785541   -0.475457
-2.783852   -0.485313
-2.782128   -0.495164
-2.780370   -0.505008
-2.778576   -0.514846
-2.776748   -0.524677
-2.774884   -0.534502
-2.772986   -0.544320
-2.771053   -0.554132
-2.769085   -0.563936
-2.767083   -0.573733
-2.765045   -0.583524
-2.762973   -0.593307
-2.760866   -0.603082
-2.758725   -0.612850
-2.756549   -0.622611
-2.754338   -0.632363
-2.752093   -0.642108
-2.749813   -0.651844
-2.747498   -0.661573
-2.745149   -0.671293
-2.742766   -0.681005
-2.740348   -0.690708
-2.737896   -0.700403
-2.735409   -0.710089
-2.732888   -0.719766
-2.730333   -0.729434
-2.727744   -0.739093
-2.725120   -0.748742
-2.722462   -0.758383
-2.719770   -0.768014
-2.717044   -0.777635
-2.714283   -0.787246
-2.711489   -0.796848
-2.708660   -0.806439
-2.705798   -0.816021
-2.702901   -0.825592
-2.699971   -0.835153
-2.697007   -0.844704
-2.694009   -0.854244
-2.690977   -0.863773
-2.687911   -0.873292
-2.684812   -0.882799
-2.681679   -0.892296
-2.678512   -0.901781
-2.675311   -0.911255
-2.672078   -0.920718
-2.668810   -0.930169
-2.665509   -0.939608
-2.662175   -0.949036
-2.658807   -0.958452
-2.655406   -0.967856
-2.651971   -0.977248
-2.648504   -0.986627
-2.645003   -0.995994
-2.641469   -1.005349
-2.637901   -1.014691
-2.634301   -1.024020
-2.630668   -1.033337
-2.627001   -1.042641
-2.623302   -1.051931
-2.619570   -1.061209
-2.615805   -1.070473
-2.612007   -1.079723
-2.608176   -1.088961
-2.604313   -1.098184
-2.600417   -1.107394
-2.596488   -1.116590
-2.592527   -1.125772
-2.588533   -1.134940
-2.584507   -1.144093
-2.580448   -1.153233
-2.576357   -1.162358
-2.572234   -1.171468
-2.568078   -1.180564
-2.563890   -1.189645
-2.559670   -1.198711
-2.555418   -1.207762
-2.551134   -1.216797
-2.546818   -1.225818
-2.542470   -1.234823
-2.538090   -1.243813
-2.533679   -1.252787
-2.529235   -1.261746
-2.524760   -1.270689
-2.520253   -1.279616
-2.515715   -1.288526
-2.511145   -1.297421
-2.506543   -1.306299
-2.501910   -1.315162
-2.497246   -1.324007
-2.492551   -1.332836
-2.487824   -1.341649
-2.483066   -1.350444
-2.478277   -1.359223
-2.473456   -1.367984
-2.468605   -1.376729
-2.463723   -1.385456
-2.458810   -1.394166
-2.453866   -1.402858
-2.448892   -1.411533
-2.443886   -1.420190
-2.438850   -1.428830
-2.433784   -1.437451
-2.428687   -1.446055
-2.423559   -1.454640
-2.418401   -1.463207
-2.413213   -1.471756
-2.407995   -1.480286
-2.402746   -1.488798
-2.397467   -1.497292
-2.392159   -1.505766
-2.386820   -1.514222
-2.381451   -1.522658
-2.376053   -1.531076
-2.370624   -1.539474
-2.365166   -1.547853
-2.359679   -1.556213
-2.354161   -1.564553
-2.348615   -1.572874
-2.343038   -1.581175
-2.337433   -1.589456
-2.331798   -1.597718
-2.326134   -1.605959
-2.320441   -1.614180
-2.314718   -1.622381
-2.308967   -1.630561
-2.303187   -1.638722
-2.297378   -1.646861
-2.291540   -1.654980
-2.285673   -1.663079
-2.279778   -1.671156
-2.273854   -1.679213
-2.267902   -1.687248
-2.261921   -1.695263
-2.255912   -1.703256
-2.249875   -1.711228
-2.243809   -1.719178
-2.237715   -1.727107
-2.231594   -1.735014
-2.225444   -1.742900
-2.219266   -1.750763
-2.213061   -1.758605
-2.206828   -1.766425
-2.200567   -1.774223
-2.194279   -1.781998
-2.187963   -1.789751
-2.181620   -1.797482
-2.175249   -1.805190
-2.168851   -1.812876
-2.162426   -1.820538
-2.155974   -1.828178
-2.149495   -1.835796
-2.142989   -1.843390
-2.136456   -1.850961
-2.129897   -1.858509
-2.123310   -1.866033
-2.116697   -1.873535
-2.110058   -1.881012
-2.103392   -1.888467
-2.096700   -1.895897
-2.089981   -1.903304
-2.083236   -1.910687
-2.076466   -1.918046
-2.069669   -1.925381
-2.062846   -1.932692
-2.055997   -1.939979
-2.049123   -1.947241
-2.042223   -1.954480
-2.035297   -1.961693
-2.028346   -1.968882
-2.021370   -1.976047
-2.014368   -1.983186
-2.007341   -1.990301
-2.000289   -1.997391
-1.993211   -2.004456
-1.986109   -2.011495
-1.978982   -2.018510
-1.971830   -2.025499
-1.964653   -2.032463
-1.957452   -2.039402
-1.950226   -2.046314
-1.942976   -2.053202
-1.935702   -2.060063
-1.928403   -2.066899
-1.921080   -2.073709
-1.913733   -2.080493
-1.906362   -2.087251
-1.898967   -2.093982
-1.891548   -2.100688
-1.884106   -2.107367
-1.876640   -2.114020
-1.869151   -2.120646
-1.861638   -2.127246
-1.854102   -2.133819
-1.846542   -2.140366
-1.838960   -2.146885
-1.831354   -2.153378
-1.823726   -2.159844
-1.816074   -2.166282
-1.808400   -2.172694
-1.800703   -2.179078
-1.792984   -2.185435
-1.785242   -2.191765
-1.777478   -2.198067
-1.769692   -2.204342
-1.761883   -2.210589
-1.754053   -2.216809
-1.746200   -2.223000
-1.738326   -2.229164
-1.730429   -2.235300
-1.722511   -2.241408
-1.714572   -2.247488
-1.706611   -2.253539
-1.698629   -2.259563
-1.690625   -2.265558
-1.682600   -2.271525
-1.674554   -2.277463
-1.666488   -2.283373
-1.658400   -2.289254
-1.650291   -2.295107
-1.642162   -2.300931
-1.634013   -2.306726
-1.625842   -2.312492
-1.617652   -2.318229
-1.609441   -2.323937
-1.601210   -2.329616
-1.592959   -2.335266
-1.584688   -2.340887
-1.576397   -2.346478
-1.568087   -2.352040
-1.559756   -2.357572
-1.551407   -2.363075
-1.543038   -2.368548
-1.534649   -2.373992
-1.526241   -2.379406
-1.517815   -2.384790
-1.509369   -2.390144
-1.500904   -2.395469
-1.492420   -2.400763
-1.483918   -2.406027
-1.475397   -2.411261
-1.466858   -2.416465
-1.458300   -2.421639
-1.449725   -2.426782
-1.441130   -2.431895
-1.432518   -2.436977
-1.423888   -2.442029
-1.415240   -2.447051
-1.406575   -2.452041
-1.397892   -2.457001
-1.389191   -2.461931
-1.380473   -2.466829
-1.371737   -2.471696
-1.362985   -2.476533
-1.354215   -2.481339
-1.345428   -2.486113
-1.336625   -2.490856
-1.327805   -2.495568
-1.318968   -2.500249
-1.310115   -2.504899
-1.301245   -2.509517
-1.292359   -2.514104
-1.283456   -2.518659
-1.274538   -2.523182
-1.265604   -2.527675
-1.256654   -2.532135
-1.247688   -2.536564
-1.238706   -2.540961
-1.229709   -2.545326
-1.220697   -2.549659
-1.211669   -2.553960
-1.202626   -2.558229
-1.193569   -2.562467
-1.184496   -2.566672
-1.175408   -2.570845
-1.166306   -2.574986
-1.157189   -2.579094
-1.148057   -2.583170
-1.138911   -2.587214
-1.129751   -2.591226
-1.120577   -2.595205
-1.111389   -2.599151
-1.102186   -2.603065
-1.092970   -2.606947
-1.083741   -2.610795
-1.074497   -2.614611
-1.065241   -2.618395
-1.055970   -2.622145
-1.046687   -2.625863
-1.037391   -2.629547
-1.028081   -2.633199
-1.018759   -2.636818
-1.009424   -2.640404
-1.000076   -2.643956
-0.990716   -2.647476
-0.981344   -2.650962
-0.971959   -2.654415
-0.962562   -2.657835
-0.953153   -2.661222
-0.943732   -2.664575
-0.934299   -2.667895
-0.924854   -2.671181
-0.915398   -2.674434
-0.905931   -2.677654
-0.896452   -2.680840
-0.886962   -2.683992
-0.877460   -2.687111
-0.867948   -2.690196
-0.858425   -2.693247
-0.848891   -2.696265
-0.839347   -2.699249
-0.829792   -2.702199
-0.820227   -2.705115
-0.810651   -2.707997
-0.801065   -2.710846
-0.791469   -2.713660
-0.781864   -2.716441
-0.772248   -2.719187
-0.762623   -2.721899
-0.752988   -2.724578
-0.743344   -2.727222
-0.733691   -2.729831
-0.724028   -2.732407
-0.714357   -2.734949
-0.704676   -2.737456
-0.694987   -2.739929
-0.685288   -2.742367
-0.675582   -2.744771
-0.665867   -2.747141
-0.656143   -2.749477
-0.646411   -2.751778
-0.636672   -2.754044
-0.626924   -2.756276
-0.617168   -2.758473
-0.607405   -2.760636
-0.597634   -2.762764
-0.587856   -2.764858
-0.578070   -2.766917
-0.568277   -2.768941
-0.558477   -2.770931
-0.548670   -2.772886
-0.538856   -2.774806
-0.529035   -2.776691
-0.519208   -2.778542
-0.509374   -2.780357
-0.499534   -2.782138
-0.489688   -2.783884
-0.479835   -2.785595
-0.469977   -2.787272
-0.460112   -2.788913
-0.450242   -2.790519
-0.440366   -2.792091
-0.430485   -2.793627
-0.420598   -2.795128
-0.410706   -2.796595
-0.400809   -2.798026
-0.390907   -2.799422
-0.381000   -2.800783
-0.371089   -2.802109
-0.361172   -2.803400
-0.351252   -2.804656
-0.341326   -2.805876
-0.331397   -2.807062
-0.321463   -2.808212
-0.311526   -2.809327
-0.301584   -2.810407
-0.291639   -2.811451
-0.281690   -2.812461
-0.271737   -2.813435
-0.261782   -2.814374
-0.251822   -2.815277
-0.241860   -2.816145
-0.231895   -2.816978
-0.221927   -2.817776
-0.211956   -2.818538
-0.201982   -2.819265
-0.192006   -2.819957
-0.182028   -2.820613
-0.172047   -2.821234
-0.162064   -2.821819
-0.152079   -2.822369
-0.142093   -2.822884
-0.132104   -2.823363
-0.122114   -2.823807
-0.112122   -2.824216
-0.102129   -2.824589
-0.092135   -2.824927
-0.082140   -2.825229
-0.072143   -2.825496
-0.062146   -2.825727
-0.052148   -2.825923
-0.042149   -2.826084
-0.032150   -2.826209
-0.022150   -2.826299
-0.012150   -2.826353
-0.002150   -2.826372
0.007850   -2.826355
0.017849   -2.826303
0.027849   -2.826215
0.037848   -2.826092
0.047847   -2.825934
0.057845   -2.825740
0.067842   -2.825510
0.077839   -2.825245
0.087834   -2.824945
0.097829   -2.824610
0.107822   -2.824238
0.117814   -2.823832
0.127804   -2.823390
0.137793   -2.822912
0.147779   -2.822400
0.157764   -2.821851
0.167747   -2.821268
0.177728   -2.820649
0.187707   -2.819994
0.197683   -2.819305
0.207656   -2.818579
0.217628   -2.817819
0.227596   -2.817023
0.237561   -2.816192
0.247524   -2.815325
0.257483   -2.814423
0.267439   -2.813486
0.277391   -2.812513
0.287340   -2.811505
0.297286   -2.810462
0.307228   -2.809384
0.317165   -2.808270
0.327099   -2.807121
0.337029   -2.805937
0.346954   -2.804718
0.356875   -2.803463
0.366792   -2.802173
0.376703   -2.800848
0.386611   -2.799488
0.396513   -2.798093
0.406410   -2.796663
0.416302   -2.795197
0.426189   -2.793697
0.436070   -2.792161
0.445946   -2.790590
0.455816   -2.788984
0.465681   -2.787343
0.475539   -2.785668
0.485392   -2.783957
0.495238   -2.782211
0.505078   -2.780430
0.514912   -2.778615
0.524739   -2.776764
0.534560   -2.774879
0.544374   -2.772958
0.554181   -2.771003
0.563981   -2.769013
0.573774   -2.766989
0.583560   -2.764929
0.593338   -2.762835
0.603109   -2.760706
0.612872   -2.758543
0.622627   -2.756344
0.632375   -2.754111
0.642114   -2.751844
0.651846   -2.749542
0.661569   -2.747205
0.671284   -2.744834
0.680990   -2.742428
0.690688   -2.739988
0.700377   -2.737513
0.710057   -2.735004
0.719728   -2.732461
0.729390   -2.729883
0.739043   -2.727271
0.748686   -2.724625
0.758320   -2.721944
0.767945   -2.719229
0.777559   -2.716480
0.787164   -2.713697
0.796759   -2.710879
0.806344   -2.708028
0.815919   -2.705142
0.825483   -2.702223
0.835037   -2.699269
0.844580   -2.696282
0.854113   -2.693260
0.863634   -2.690205
0.873145   -2.687116
0.882645   -2.683993
0.892134   -2.680836
0.901611   -2.677645
0.911077   -2.674421
0.920532   -2.671163
0.929974   -2.667872
0.939405   -2.664547
0.948824   -2.661188
0.958231   -2.657796
0.967626   -2.654370
0.977009   -2.650911
0.986379   -2.647418
0.995737   -2.643893
1.005082   -2.640333
1.014415   -2.636741
1.023734   -2.633115
1.033041   -2.629457
1.042335   -2.625765
1.051615   -2.622040
1.060882   -2.618282
1.070135   -2.614490
1.079375   -2.610666
1.088602   -2.606809
1.097814   -2.602920
1.107013   -2.598997
1.116197   -2.595042
1.125367   -2.591053
1.134523   -2.587033
1.143665   -2.582979
1.152792   -2.578893
1.161905   -2.574774
1.171002   -2.570623
1.180085   -2.566440
1.189153   -2.562224
1.198206   -2.557976
1.207243   -2.553695
1.216265   -2.549382
1.225272   -2.545037
1.234263   -2.540660
1.243239   -2.536251
1.252198   -2.531809
1.261142   -2.527336
1.270070   -2.522831
1.278981   -2.518294
1.287876   -2.513725
1.296755   -2.509124
1.305617   -2.504492
1.314463   -2.499828
1.323292   -2.495132
1.332104   -2.490405
1.340899   -2.485646
1.349677   -2.480856
1.358438   -2.476034
1.367182   -2.471181
1.375908   -2.466297
1.384616   -2.461381
1.393307   -2.456434
1.401980   -2.451457
1.410635   -2.446448
1.419272   -2.441408
1.427891   -2.436337
1.436492   -2.431235
1.445074   -2.426103
1.453638   -2.420940
1.462184   -2.415746
1.470710   -2.410521
1.479218   -2.405266
1.487707   -2.399980
1.496177   -2.394664
1.504627   -2.389317
1.513059   -2.383940
1.521471   -2.378533
1.529863   -2.373096
1.538236   -2.367628
1.546589   -2.362130
1.554923   -2.356602
1.563236   -2.351045
1.571529   -2.345457
1.579802   -2.339840
1.588055   -2.334192
1.596287   -2.328515
1.604499   -2.322809
1.612690   -2.317072
1.620861   -2.311307
1.629010   -2.305511
1.637139   -2.299687
1.645246   -2.293833
1.653333   -2.287949
1.661397   -2.282037
1.669441   -2.276095
1.677463   -2.270125
1.685463   -2.264125
1.693442   -2.258096
1.701398   -2.252039
1.709333   -2.245953
1.717245   -2.239838
1.725135   -2.233694
1.733003   -2.227521
1.740848   -2.221321
1.748671   -2.215091
1.756471   -2.208834
1.764248   -2.202547
1.772003   -2.196233
1.779734   -2.189891
1.787442   -2.183520
1.795127   -2.177121
1.802788   -2.170694
1.810426   -2.164240
1.818040   -2.157757
1.825631   -2.151247
1.833197   -2.144709
1.840740   -2.138143
1.848259   -2.131550
1.855753   -2.124929
1.863223   -2.118281
1.870669   -2.111605
1.878089   -2.104902
1.885486   -2.098172
1.892857   -2.091415
1.900204   -2.084630
1.907525   -2.077819
1.914822   -2.070981
1.922093   -2.064115
1.929338   -2.057223
1.936558   -2.050304
1.943753   -2.043359
1.950921   -2.036387
1.958064   -2.029388
1.965181   -2.022363
1.972271   -2.015311
1.979336   -2.008233
1.986373   -2.001129
1.993385   -1.993999
2.000369   -1.986842
2.007327   -1.979660
2.014258   -1.972451
2.021162   -1.965217
2.028038   -1.957957
2.034888   -1.950671
2.041710   -1.943359
2.048504   -1.936021
2.055270   -1.928658
2.062009   -1.921270
2.068720   -1.913856
2.075402   -1.906417
2.082057   -1.898952
2.088682   -1.891462
2.095280   -1.883947
2.101848   -1.876407
2.108388   -1.868842
2.114899   -1.861251
2.121380   -1.853636
2.127832   -1.845996
2.134255   -1.838331
2.140648   -1.830642
2.147011   -1.822928
2.153345   -1.815189
2.159648   -1.807426
2.165921   -1.799638
2.172164   -1.791826
2.178376   -1.783989
2.184557   -1.776129
2.190707   -1.768244
2.196827   -1.760334
2.202914   -1.752401
2.208971   -1.744444
2.214996   -1.736462
2.220988   -1.728457
2.226949   -1.720428
2.232878   -1.712375
2.238774   -1.704298
2.244638   -1.696197
2.250469   -1.688073
2.256266   -1.679925
2.262031   -1.671754
2.267762   -1.663559
2.273459   -1.655341
2.279122   -1.647099
2.284751   -1.638834
2.290346   -1.630545
2.295906   -1.622234
2.301431   -1.613899
2.306921   -1.605540
2.312376   -1.597159
2.317795   -1.588755
2.323178   -1.580327
2.328525   -1.571877
2.333835   -1.563403
2.339109   -1.554907
2.344345   -1.546387
2.349544   -1.537845
2.354706   -1.529280
2.359829   -1.520692
2.364914   -1.512081
2.369960   -1.503448
2.374967   -1.494792
2.379935   -1.486113
2.384863   -1.477412
2.389750   -1.468687
2.394597   -1.459941
2.399403   -1.451171
2.404168   -1.442379
2.408891   -1.433565
2.413572   -1.424728
2.418209   -1.415868
2.422804   -1.406987
2.427355   -1.398082
2.431862   -1.389155
2.436324   -1.380206
2.440741   -1.371234
2.445112   -1.362240
2.449437   -1.353224
2.453715   -1.344185
2.457945   -1.335124
2.462127   -1.326040
2.466261   -1.316935
2.470345   -1.307807
2.474378   -1.298656
2.478361   -1.289484
2.482293   -1.280289
2.486172   -1.271072
2.489998   -1.261833
2.493770   -1.252572
2.497488   -1.243288
2.501150   -1.233983
2.504755   -1.224656
2.508303   -1.215306
2.511793   -1.205935
2.515224   -1.196542
2.518594   -1.187127
2.521903   -1.177690
2.525149   -1.168232
2.528332   -1.158752
2.531450   -1.149250
2.534503   -1.139728
2.537488   -1.130184
2.540405   -1.120619
2.543253   -1.111032
2.546029   -1.101426
2.548733   -1.091798
2.551363   -1.082150
2.553918   -1.072482
2.556395   -1.062794
2.558795   -1.053086
2.561114   -1.043358
2.563351   -1.033612
2.565504   -1.023846
2.567571   -1.014063
2.569552   -1.004261
2.571442   -0.994441
2.573241   -0.984604
2.574945   -0.974750
2.576554   -0.964880
2.578063   -0.954995
2.579471   -0.945095
2.580775   -0.935180
2.581971   -0.925252
2.583057   -0.915311
2.584029   -0.905358
2.584884   -0.895395
2.585616   -0.885422
2.586223   -0.875440
2.586698   -0.865452
2.587036   -0.855457
2.587230   -0.845459
2.587274   -0.835459
2.587158   -0.825460
2.586873   -0.815464
2.586407   -0.805475
2.585744   -0.795497
2.584868   -0.785535
2.583755   -0.775597
2.582378   -0.765693
2.580701   -0.755834
2.578675   -0.746042
2.576234   -0.736344
2.573289   -0.726788
2.569714   -0.717449
2.565332   -0.708460
2.559908   -0.700059
2.553185   -0.692656
2.545051   -0.686838
2.535779   -0.683094
2.525924   -0.681396
2.515925   -0.681288
2.505973   -0.682269
2.496118   -0.683965
2.486354   -0.686125
2.476661   -0.688583
2.467017   -0.691229
2.457405   -0.693986
2.447808   -0.696799
2.438217   -0.699629
2.428622   -0.702447
2.419018   -0.705230
2.409398   -0.707962
2.399761   -0.710630
2.390103   -0.713224
2.380424   -0.715736
2.370722   -0.718161
2.360998   -0.720493
2.351251   -0.722730
2.341483   -0.724869
2.331693   -0.726908
2.321882   -0.728846
2.312052   -0.730682
2.302204   -0.732417
2.292338   -0.734049
2.282456   -0.735580
2.272559   -0.737010
2.262647   -0.738340
2.252723   -0.739571
2.242788   -0.740704
2.232842   -0.741740
2.222886   -0.742680
2.212922   -0.743525
2.202950   -0.744278
2.192972   -0.744939
2.182988   -0.745510
2.173000   -0.745992
2.163008   -0.746387
2.153013   -0.746696
2.143015   -0.746921
2.133016   -0.747063
2.123016   -0.747124
2.113016   -0.747105
2.103017   -0.747007
2.093018   -0.746832
2.083021   -0.746582
2.073027   -0.746257
2.063035   -0.745859
2.053046   -0.745389
2.043060   -0.744849
2.033079   -0.744239
2.023102   -0.743562
2.013129   -0.742818
2.003162   -0.742009
1.993201   -0.741135
1.983245   -0.740198
1.973295   -0.739199
1.963351   -0.738138
1.953414   -0.737018
1.943484   -0.735838
1.933561   -0.734601
1.923645   -0.733306
1.913736   -0.731956
1.903836   -0.730550
1.893943   -0.729090
1.884058   -0.727577
1.874181   -0.726011
1.864313   -0.724393
1.854453   -0.722725
1.844602   -0.721006
1.834759   -0.719239
1.824926   -0.717422
1.815101   -0.715558
1.805285   -0.713647
1.795479   -0.711689
1.785682   -0.709686
1.775894   -0.707637
1.766115   -0.705544
1.756346   -0.703408
1.746587   -0.701228
1.736837   -0.699005
1.727096   -0.696741
1.717366   -0.694435
1.707645   -0.692088
1.697934   -0.689701
1.688233   -0.687274
1.678542   -0.684808
1.668861   -0.682303
1.659190   -0.679760
1.649529   -0.677179
1.639877   -0.674561
1.630236   -0.671906
1.620605   -0.669214
1.610985   -0.666486
1.601374   -0.663723
1.591774   -0.660925
1.582183   -0.658091
1.572603   -0.655224
1.563033   -0.652322
1.553474   -0.649387
1.543925   -0.646419
1.534386   -0.643417
1.524857   -0.640383
1.515339   -0.637317
1.505831   -0.634219
1.496333   -0.631090
1.486846   -0.627929
1.477369   -0.624737
1.467902   -0.621515
1.458446   -0.618263
1.449000   -0.614980
1.439564   -0.611668
1.430139   -0.608326
1.420725   -0.604955
1.411320   -0.601555
1.401926   -0.598127
1.392543   -0.594670
1.383170   -0.591185
1.373807   -0.587672
1.364455   -0.584131
1.355113   -0.580563
1.345782   -0.576967
1.336461   -0.573345
1.327151   -0.569696
1.317851   -0.566020
1.308561   -0.562318
1.299282   -0.558590
1.290014   -0.554836
1.280756   -0.551056
1.271508   -0.547250
1.262271   -0.543419
1.253044   -0.539563
1.243828   -0.535682
1.234623   -0.531776
1.225428   -0.527845
1.216243   -0.523890
1.207069   -0.519910
1.197906   -0.515906
1.188753   -0.511878
1.179610   -0.507827
1.170478   -0.503751
1.161357   -0.499652
1.152247   -0.495529
1.143146   -0.491383
1.134057   -0.487214
1.124978   -0.483022
1.115910   -0.478807
1.106852   -0.474569
1.097805   -0.470309
1.088769   -0.466026
1.079743   -0.461720
1.070728   -0.457392
1.061724   -0.453042
1.052730   -0.448670
1.043747   -0.444276
1.034775   -0.439860
1.025814   -0.435423
1.016863   -0.430963
1.007923   -0.426482
0.998994   -0.421980
0.990076   -0.417456
0.981169   -0.412911
0.972272   -0.408344
0.963386   -0.403757
0.954512   -0.399149
0.945648   -0.394519
0.936795   -0.389869
0.927953   -0.385198
0.919122   -0.380506
0.910302   -0.375793
0.901493   -0.371060
0.892695   -0.366307
0.883908   -0.361533
0.875132   -0.356738
0.866368   -0.351923
0.857614   -0.347089
0.848872   -0.342233
0.840141   -0.337358
0.831421   -0.332463
0.822713   -0.327547
0.814015   -0.322612
0.805329   -0.317657
0.796655   -0.312682
0.787992   -0.307687
0.779340   -0.302672
0.770699   -0.297638
0.762071   -0.292584
0.753453   -0.287510
0.744848   -0.282417
0.736254   -0.277304
0.727671   -0.272171
0.719101   -0.267019
0.710542   -0.261848
0.701994   -0.256657
0.693459   -0.251447
0.684935   -0.246217
0.676424   -0.240968
0.667924   -0.235700
0.659436   -0.230412
0.650961   -0.225105
0.642497   -0.219779
0.634046   -0.214434
0.625607   -0.209069
0.617180   -0.203685
0.608765   -0.198282
0.600363   -0.192860
0.591973   -0.187418
0.583595   -0.181957
0.575230   -0.176478
0.566878   -0.170979
0.558538   -0.165460
0.550211   -0.159923
0.541897   -0.154367
0.533596   -0.148791
0.525307   -0.143196
0.517032   -0.137582
0.508769   -0.131949
0.500520   -0.126297
0.492284   -0.120626
0.484061   -0.114935
0.475851   -0.109225
0.467655   -0.103496
0.459472   -0.097748
0.451303   -0.091980
0.443148   -0.086193
0.435006   -0.080387
0.426878   -0.074562
0.418764   -0.068717
0.410664   -0.062853
0.402578   -0.056970
0.394506   -0.051067
0.386448   -0.045144
0.378405   -0.039203
0.370376   -0.033241
0.362361   -0.027260
0.354362   -0.021260
0.346377   -0.015240
0.338407   -0.009200
0.330452   -0.003141
