0.247720241637 0.061792399057
0.170737599155 0.125617729110
0.095553458589 0.191552128383
0.022366199028 0.259696277649
-0.048570457373 0.330180252982
-0.116925881514 0.403170224830
-0.182259220146 0.478877257947
-0.243965583930 0.557568583199
-0.301185269620 0.639580213921
-0.352642562351 0.725324875784
-0.396344092368 0.815270283443
-0.428988804335 0.909791830135
-0.444873066446 1.008522221888
-0.434662030332 1.107999529559
-0.389081971484 1.197007721534
-0.312536122647 1.261356249350
-0.220153572258 1.299637634423
-0.121946731475 1.318490125627
-0.022083980976 1.323727594954
0.077809177695 1.319106246734
0.177073075121 1.306995149709
0.275430235799 1.288943309250
0.372764438636 1.266007464570
0.469030481810 1.238936280957
0.564214796980 1.208277739234
0.658317137671 1.174443592371
0.751341426141 1.137749154689
0.843291601339 1.098440563593
0.934166117011 1.056705417343
1.023966030147 1.012705693678
1.112677865208 0.966551491424
